#Generated from .obj file
INPUT3D
Ricardo Busta
1
8
Crystal_Red
FF0000
1
9
-0.074012
5
0.836789
0.671051
7
0.169796
0.004057
5
-0.575268
1.41612
5
-0.497198
1.33805
5
0.914859
-0.074012
1
0.836789
0.004057
1
-0.575268
1.41612
1
-0.497198
1.33805
1
0.914859
Crystal_Blue
0000FF
1
9
-0.933402
4.07621
-0.828981
-0.688945
5.66696
-1.82492
-0.833275
3.78671
-1.98615
0.327874
4.07621
-1.9581
0.227747
4.3657
-0.800933
-0.161041
0.894701
0.033783
-0.060915
0.605207
-1.12338
1.10023
0.894701
-1.09533
1.00011
1.18419
0.061831
Crystal_White
FFFFFF
1
9
0.414668
3.93125
2.19863
1.395
5.37446
2.74373
1.0155
4.1939
1.55599
1.96661
3.93125
2.00964
1.36578
3.66861
2.65228
0.094918
1.04484
1.1979
0.606775
1.30748
0.276809
1.55789
1.04484
0.730458
1.04603
0.782194
1.65155
Crystal_Yellow
FFFF00
1
9
1.59508
3.7122
-0.657408
2.30796
4.22186
-1.29559
1.62905
3.54528
-1.55344
2.52337
3.71933
-1.48843
2.48939
3.88625
-0.5924
1.09761
1.56133
-0.212064
1.13158
1.39441
-1.10809
2.0259
1.22748
-1.04309
1.99192
1.39441
-0.147057
Crystal_Green
00FF00
1
9
-1.05786
3.01275
1.49284
-0.716805
4.75646
1.3037
-0.827693
3.28371
0.665684
-0.004158
3.38994
0.908486
-0.234325
3.11897
1.73564
-0.686268
1.08227
1.28676
-0.456101
1.1885
0.45961
0.367434
1.29473
0.702412
0.137267
1.1885
1.52957
Crystal_Cyan
00FFFF
1
9
2.84582
2.72518
0.80324
2.50201
4.46889
0.619163
2.02596
2.99614
1.05819
1.7836
3.10237
0.234526
2.60345
2.8314
-0.020422
2.47122
0.794703
0.602681
1.65137
0.90093
0.85763
1.409
1.00716
0.033967
2.22885
0.90093
-0.220982
Crystal_Magenta
FF00FF
1
9
-1.53625
3.26111
-0.274247
-1.96743
4.25128
0.363191
-1.13295
3.44131
0.174833
-1.49988
3.26111
0.797768
-1.90318
3.08092
0.348688
-0.833151
1.28078
-0.432949
-0.234214
1.46097
-0.028028
-0.601145
1.28078
0.594907
-1.20008
1.10058
0.189986
Base
663333
1
26
2.41738
1.07191
0.748547
0.493977
1.07191
1.95041
-1.24342
1.07191
0.49256
-0.393813
1.07191
-1.61033
1.8687
1.0719
-1.45212
0.628569
2.26427
0.025809
1.43662
0.107239
-1.97415
2.45783
0.107239
-1.11725
2.78035
0.107239
0.176275
2.28095
0.107239
1.41232
1.1504
0.107239
2.11877
-0.179479
0.107239
2.02577
-1.20069
0.107239
1.16887
-1.52321
0.107239
-0.124657
-1.02381
0.107239
-1.3607
0.106736
0.107239
-2.06715
2.40894
1.24127
-0.41809
1.60089
1.24127
1.58187
-0.550866
1.24127
1.4314
-1.0727
1.24127
-0.661537
0.756566
1.24127
-1.80459
1.3575
1.94212
-0.842898
1.68
1.94213
0.45062
0.549458
1.94213
1.15705
-0.471752
1.94213
0.300156
0.027632
1.94213
-0.93588
